1259.61	0.142111	0.142111	37.3911	0.100211
1321.36	0.162922	0.162922	38.4142	0.115094
1387.35	0.0441647	0.00346225	39.3618	0.0338551
1453.57	0.181576	0.181576	39.7868	0.126953
1517.43	0.0550113	0.00405321	41.1255	0.0432389
1584.92	0.173549	0.173549	41.4014	0.123115
1653.28	0.0606051	0.0041975	42.7282	0.0487554
1721.72	0.200053	0.200053	43.3156	0.13986
1789.91	0.0640859	0.00421729	44.3973	0.0527615
1858.53	0.215362	0.215362	44.9483	0.153306
1928.11	0.0688288	0.00413274	46.0787	0.0560134
1997.88	0.232053	0.232053	46.9747	0.169124
2067.88	0.0768517	0.00450038	47.7109	0.0655651
2137.8	0.247797	0.247797	48.5984	0.176044
2208.06	0.0793493	0.00435328	49.2913	0.0673515
2278.01	0.278918	0.278918	50.0274	0.197176
2348.38	0.0807864	0.0041421	51.0082	0.0689533
2419.08	0.287959	0.287959	51.9085	0.207191
2489.2	0.0925777	0.00458452	52.7076	0.080597
2559.96	0.307332	0.307332	53.0863	0.216248
2630.46	0.0941766	0.0044429	54.2202	0.0829781
2701.51	0.290189	0.290189	54.8172	0.21113
2771.94	0.0949535	0.00423888	55.7379	0.0834626
2842.94	0.363814	0.363814	56.0939	0.260663
2913.56	0.109739	0.00476693	57.4222	0.0995742
2984.42	0.365708	0.365708	57.2518	0.255963
3055.45	0.108171	0.00455287	59.0851	0.0983695
3126.94	0.367233	0.367233	59.6381	0.260255
3197.27	0.110264	0.00437704	60.8085	0.100091
3267.99	0.373784	0.373784	60.836	0.273927
3339.13	0.11469	0.00452697	62.3836	0.107551
3409.6	0.411683	0.411683	62.4431	0.296428
3481.47	0.122719	0.00457177	63.6295	0.113754
3552.67	0.4294	0.4294	63.8982	0.308917
3623.26	0.122515	0.00458412	65.4511	0.119817
3694.26	0.503604	0.503604	65.7137	0.373863
3765.42	0.128197	0.00454398	66.8036	0.121653
3836.43	0.434234	0.434234	66.9731	0.313753
3907.35	0.133826	0.00462389	68.4733	0.129677
3978.87	0.495474	0.495474	68.2221	0.351647
4049.58	0.138561	0.00466783	69.5973	0.133941
4120.12	0.529821	0.529821	68.92	0.379766
4192.03	0.143248	0.00458724	71.2544	0.138007
4263.53	0.582667	0.582667	72.3958	0.424614
4334.22	0.152035	0.00499224	73.0898	0.153832
4405.45	0.499601	0.499601	73.2437	0.364254
4475.95	0.147102	0.0045884	74.0673	0.14647
4547.01	0.587078	0.587078	73.8101	0.420416
4618.7	0.158343	0.00478162	75.7276	0.160152
4690.19	0.53656	0.53656	75.619	0.390564
4760.58	0.203043	0.00468052	76.8363	0.160256
4831.3	0.614517	0.614517	76.5266	0.431697
4902.8	0.209617	0.00465284	78.446	0.163222
4973.33	0.5689	0.5689	77.8413	0.419165
5045.29	0.20979	0.0046323	79.9177	0.16833
5116.17	0.674511	0.674511	79.6257	0.492205
5187.7	0.224077	0.00471841	81.0475	0.178045
5259.49	0.600075	0.600075	80.9454	0.433034
5329.89	0.229049	0.00470099	82.5399	0.180623
5402.03	0.639767	0.639767	82.9185	0.473714
5471.82	0.239858	0.00485408	83.8982	0.190613
5543.31	0.646288	0.646288	82.7084	0.459094
5614.11	0.240489	0.0047413	85.1502	0.189923
5684.85	0.61018	0.61018	84.5556	0.432408
5756.52	0.252091	0.00483468	86.6078	0.202348
5828.02	0.786446	0.786446	85.3385	0.578785
5898.36	0.262589	0.00488406	87.8176	0.20699
5969.77	0.733949	0.733949	87.293	0.528684
6040.76	0.251756	0.00473265	88.7272	0.207007
6113.09	0.754108	0.754108	88.3522	0.550153
6183.04	0.273072	0.00494093	90.315	0.220013
6255.29	0.841934	0.841934	90.1372	0.624934
6325.51	0.272313	0.00480095	91.5225	0.217336
6398.29	0.854701	0.854701	91.0351	0.61095
6466.73	0.277236	0.00475589	93.1368	0.220083
6537.48	0.918602	0.918602	92.3499	0.679217
6609.5	0.291833	0.00488291	93.8711	0.236017
6680.99	0.804466	0.804466	95.0664	0.592316
6751.63	0.306833	0.00511966	95.2337	0.249298
6823.03	0.890843	0.890843	95.9389	0.666801
6893.64	0.299124	0.00487748	96.8324	0.237005
6964.98	0.860635	0.860635	96.7205	0.632343
7036.2	0.28725	0.00466585	97.3844	0.237109
7106.28	0.943088	0.943088	97.5273	0.726603
7177.88	0.304217	0.00480897	98.4263	0.237478
7249.43	0.92758	0.92758	98.9814	0.671744
7319.5	0.320889	0.00477463	99.691	0.251024
7392.03	1.02506	1.02506	98.4099	0.757238
7462.54	0.319643	0.00490924	101.148	0.263675
7534.06	0.9425	0.9425	100.155	0.694195
7604.26	0.337409	0.00510317	102.549	0.278133
7677.12	1.05902	1.05902	102.263	0.799641
7746.54	0.33399	0.00479499	103.778	0.266306
7817.64	1.07509	1.07509	102.017	0.791042
7888.58	0.346581	0.00501536	104.588	0.285091
7959.2	1.01137	1.01137	103.628	0.731405
8030.63	0.348244	0.00499479	105.559	0.286596
8105.02	1.05374	1.05374	104.396	0.793363
8172.22	0.356438	0.00490133	106.776	0.280365
8241.83	1.0021	1.0021	103.303	0.731563
8314.15	0.368004	0.00487996	108.017	0.292047
8386.99	1.03951	1.03951	105.418	0.767696
8457.39	0.370886	0.00487442	109.105	0.296227
8526.43	1.05549	1.05549	109.249	0.77875
8598.9	0.38754	0.00505515	110.394	0.313869
8672.32	1.05193	1.05193	108.261	0.760354
8740.54	0.406216	0.00502839	111.123	0.3142
8813.6	1.08922	1.08922	108.994	0.786798
8882.92	0.39381	0.00490583	112.668	0.310262
8955.08	1.21984	1.21984	112.565	0.917595
9024.63	0.398077	0.00493401	113.799	0.320258
9097.11	1.12573	1.12573	113.064	0.826543
9167.1	0.409879	0.00498178	114.229	0.323034
9239.49	1.2179	1.2179	112.693	0.890153
9308.77	0.422225	0.00501202	116.243	0.337815
9380.76	1.27911	1.27911	115.2	0.940561
9450.32	0.433264	0.00498069	116.814	0.33243
9521	1.14651	1.14651	114.93	0.855792
9593.36	0.43948	0.00500262	117.446	0.337811
9664.67	1.28721	1.28721	117.212	0.936572
9735.25	0.453578	0.00522016	118.779	0.364521
9803.6	1.39681	1.39681	117.61	0.982875
9876.86	0.47625	0.0051306	119.586	0.358694
9950.11	1.25347	1.25347	117.991	0.934142
10018.5	0.462143	0.00498052	120.901	0.363053
10089.2	1.39329	1.39329	119.996	1.07342
10160.4	0.467752	0.00504186	122.24	0.364072
10233.7	1.27189	1.27189	122.237	0.930508
10302.1	0.469933	0.00506471	122.716	0.363482
10371.7	1.48717	1.48717	123.473	1.09331
10443.9	0.461166	0.00506028	123.92	0.37333
10516.6	1.22362	1.22362	123.388	0.889401
10586.4	0.490999	0.00519687	125.299	0.390509
10656.4	1.51828	1.51828	124.613	1.16568
10728.2	0.50934	0.00530267	126.866	0.406853
10800.1	1.53992	1.53992	125.937	1.18001
10870.2	0.506912	0.00513722	126.818	0.391547
10944.9	1.39588	1.39588	127.289	1.04438
11012.4	0.497247	0.00515163	128.221	0.408185
11084.7	1.34422	1.34422	127.595	1.00491
11153.4	0.484952	0.00493155	128.32	0.391733
11227.5	1.41003	1.41003	128.534	1.0199
11295.7	0.473526	0.00419209	130.448	0.331989
11366.9	1.57926	1.57926	126.455	1.21726
11439.2	0.486676	0.00425447	131.071	0.350518
11513.5	1.68487	1.68487	130.305	1.25844
11580.4	0.495959	0.00428273	132.01	0.351224
11652.2	1.67847	1.67847	133.344	1.21279
11722.1	0.503529	0.00429554	133.395	0.355412
11794.9	1.68628	1.68628	133.938	1.29786
11863.7	0.508076	0.00428261	134.974	0.362835
11937.8	1.64137	1.64137	132.258	1.24515
12005.1	0.506663	0.00422041	135.232	0.361267
12077	1.93364	1.93364	132.154	1.46638
12146.9	0.523045	0.00430601	136.459	0.371922
12219.5	1.6023	1.6023	134.684	1.20198
12290	0.516061	0.00419904	136.779	0.361136
12362.8	1.83326	1.83326	134.749	1.41823
12430	0.538114	0.00432915	137.905	0.383272
12503.6	1.61257	1.61257	139.797	1.2001
12572.5	0.529805	0.00421401	138.457	0.367569
12645.2	1.72074	1.72074	136.444	1.23897
